x = 1/11.2 ;
x1 = 1/(0.01*1000*4.19*1000);
x2 = 0.0333*0.001*1000*4.19*1000;


    Kp=output(1);
    Kd=output(3);
    Ki=output(2);